50,0,70,0,0
70,0,70,30,0
70,30,0,30,0
0,10,0,30,0
0,10,50,10,0
50,10,50,0,0
50,5,54,5,1
55,5,59,5,1
61,5,64,5,1
64,0,64,7,1
64,8,64,10,1
64,10,70,10,1
64,20,70,20,1
53,5,53,7,1
53,8,53,10,1
53,10,50,10,1
64,10,64,15,1
64,16,64,20,1
64,20,64,22,1
64,23,64,30,1
64,24,58,24,1
57,24,51,24,1
51,24,51,30,1
51,24,45,24,1
44,24,37,24,1
37,24,37,30,1
37,24,31,24,1
30,24,24,24,1
24,24,24,30,1
24,24,18,24,1
17,24,10,24,1
10,10,10,13,1
10,14,10,16,1
10,16,0,16,1
10,16,10,18,1
10,19,10,22,1
10,22,0,22,1
10,22,10,26,1
10,27,10,30,1